5.571134066
5.753249357
5.895527238
4.093807513
5.627469504
5.948528142
6.291055806
5.628499675
4.389745516
7.067044458
4.188142359
6.892652319
6.808110954
4.796866356
5.385768952
4.806347345
6.954409368
6.123525566
4.196156149
6.835500563
5.409561291
5.31483627
6.05344112
6.813524601
6.237329223
5.446335143
7.196791144
3.878499213
8.324283764
5.215827466
5.007914451
4.498112458
5.52518771
6.271608621
4.077115643
8.041987133
7.694068141
7.519148577
5.993110296
5.560618554
5.044013161
5.858168934
4.682433606
5.892549463
6.143794751
7.710014656
5.931554435
6.652085156
5.668026046
7.172137913
5.155288565
6.871205125
6.062600925
5.43143648
6.136872848
5.153213592
5.24585142
3.743475907
4.560901192
5.142195077
6.148140696
7.09652894
5.862533376
5.630087187
6.842775951
5.45069928
5.206128147
5.609109127
5.964389957
5.12275515
6.270147821
5.980499841
5.545526359
4.465228557
7.554019499
5.6863418
7.285291625
5.633200285
4.791775111
7.722236102
6.927512236
7.091002943
5.551080439
5.506770367
6.297990813
3.600596711
5.435128819
5.664601497
6.230167439
5.222492924
6.755582334
6.489610448
5.334801611
6.31913002
6.471580766
5.656451616
6.150192889
6.622071294
5.929253656
4.524945638
